# LETT	WORDS
# monday
97.84	93.42
92.51	83.33
95.29	83.33
96.26	88.16
87.36	67.95
100.0	100.0
93.65	80.26
94.83	84.93
90.67	75.68
94.24	82.89
100.0	100.0
97.33	89.74
97.84	93.59
90.91	83.33
98.94	94.74
95.81	85.53
83.96	64.47
97.84	93.59
92.51	79.49
97.35	90.54
93.65	84.21
91.53	78.95
95.08	89.47
93.72	83.33
98.93	94.29
88.21	68.06
92.55	80.77
96.79	89.74
93.51	81.58
97.93	93.24
90.37	78.95
97.33	91.03
97.88	93.24
98.93	94.87
98.93	96.05
96.3	89.47
97.88	93.59
83.77	67.95
92.06	75.0
98.41	94.87
96.79	89.47
94.05	82.89
97.35	89.74
97.33	91.03
91.53	71.79
99.47	97.44
96.26	89.47
95.72	87.18
95.19	87.18
97.27	91.25
98.93	94.74
97.3	92.11
98.95	95.95
90.58	75.64
96.3	88.16
95.77	89.47
96.79	89.74
99.47	97.44
98.38	93.42
91.94	76.92
88.36	73.68
96.22	87.84
95.68	85.53
96.83	88.46
95.19	85.9
84.66	66.67
98.94	96.15
95.72	88.16
98.93	96.05
97.88	93.42
94.12	87.18
95.19	87.18
89.84	75.0
99.47	97.37
84.13	69.23
92.9	86.49
94.12	80.26
96.22	87.84
100.0	100.0
93.12	82.89
92.59	80.77
99.48	97.37
97.86	92.31
95.72	85.53
93.5	75.95
95.77	88.46
95.29	89.74
97.35	89.74
91.58	82.05
96.26	86.84
96.76	89.74
91.44	77.03
95.19	82.89
89.95	73.68
91.98	81.08
91.35	78.95
100.0	100.0
95.14	85.9
99.47	97.44
97.3	91.03
95.72	89.74
87.3	65.38
91.71	80.56
98.38	94.87
97.86	92.31
90.37	75.64
91.62	75.0
94.21	84.21
98.95	94.74
90.27	81.58
99.47	97.37
96.79	88.46
93.92	84.21
91.98	78.21
89.42	73.08
98.4	93.24
95.72	88.16
100.0	100.0
98.93	96.15
92.67	80.26
98.94	96.05
96.83	89.74
88.89	70.51
93.16	82.43
95.24	84.62
94.71	85.53
94.09	80.77
90.91	76.92
84.32	61.54
100.0	100.0
91.44	76.92
94.71	83.33
97.86	92.31
90.81	76.92
96.79	87.18
86.32	65.38
91.98	79.49
88.24	71.79
91.01	73.68
90.21	79.01
97.88	93.59
95.81	88.46
96.47	89.33
91.16	76.92
96.28	87.18
98.93	94.87
96.83	89.74
96.83	89.74
96.86	89.74
88.11	68.42
93.51	77.63
97.91	92.11
95.19	84.21
97.87	93.24
97.88	92.31
93.58	81.58
95.24	85.9
92.43	80.26
97.86	93.59
96.26	87.18
92.59	82.89
97.86	91.89
97.3	92.11
96.79	87.18
100.0	100.0
98.43	94.74
93.62	82.89
92.59	76.92
98.4	93.24
91.44	79.49
94.18	84.62
89.95	78.21
98.93	94.59
97.89	90.28
97.33	92.31
92.67	80.26
95.19	87.18
98.41	92.11
95.72	89.47
97.3	91.03
94.05	82.89
94.12	87.18
98.92	94.74
93.58	79.49
89.42	82.05
98.41	94.74
92.55	80.26
98.4	92.31
84.49	64.1
98.41	94.87
93.65	80.26
97.33	89.74
92.51	78.95
87.43	68.42
96.72	89.74
96.26	88.46
93.05	78.21
95.14	85.14
96.22	88.46
97.41	90.79
96.28	91.03
95.19	84.62
95.24	84.21
96.76	89.74
93.05	79.49
100.0	100.0
89.3	71.79
94.18	85.53
96.3	85.9
94.65	82.43
92.55	77.63
96.22	92.11
93.65	78.21
86.49	66.67
97.91	92.11
98.4	94.59
94.68	85.9
95.72	86.84
96.22	85.9
93.05	84.21
95.29	85.9
97.3	89.47
98.93	94.87
95.63	86.84
93.05	85.53
94.59	85.53
97.81	93.42
96.76	91.03
100.0	100.0
96.34	85.9
96.3	87.84
90.4	74.68
99.47	97.44
98.95	96.05
92.51	80.77
98.93	96.15
98.92	96.15
95.77	85.53
93.72	82.05
88.42	73.08
97.86	91.03
99.46	97.44
92.97	80.26
89.95	75.64
97.86	93.42
96.17	87.18
96.26	86.84
97.35	91.03
96.26	87.18
94.65	90.0
92.59	75.0
89.36	75.68
92.15	80.26
94.24	84.21
90.27	74.32
96.79	91.03
91.44	82.89
98.41	93.59
94.55	85.19
96.3	88.16
# tuesday
89.19	78.21
89.42	80.26
89.12	77.03
94.15	82.43
98.38	94.87
92.51	82.05
94.59	83.33
95.81	89.47
94.65	84.21
92.06	75.64
97.88	91.03
89.95	75.0
95.19	85.9
91.1	77.03
98.39	94.87
96.79	88.75
86.77	70.0
97.33	92.31
95.63	88.46
87.83	72.37
90.48	75.64
94.65	82.89
93.12	79.73
94.71	83.33
99.47	97.44
98.55	91.94
97.89	91.89
99.48	97.37
84.49	62.82
92.51	82.05
91.1	80.26
91.91	75.71
97.86	93.42
99.46	97.44
89.12	75.68
88.77	76.32
94.65	82.89
98.41	94.74
93.99	88.16
89.42	72.37
98.4	94.74
83.96	61.54
91.44	76.92
94.68	85.9
97.88	93.59
95.19	84.62
97.38	90.79
91.44	82.43
91.98	76.92
97.85	93.59
89.84	77.63
96.26	86.84
93.58	79.49
98.37	93.06
100.0	100.0
97.87	90.79
92.51	78.75
97.34	90.28
92.06	76.92
91.98	76.92
98.94	95.83
93.05	79.49
98.93	96.15
97.84	93.59
96.97	89.87
95.72	84.62
91.98	75.0
94.12	82.05
100.0	100.0
98.38	94.74
96.86	89.47
89.84	83.78
95.72	86.84
92.67	81.08
96.22	88.46
88.89	75.64
98.93	96.05
97.35	90.79
99.47	97.5
88.77	78.95
95.77	86.84
96.26	87.18
94.18	79.49
95.68	85.53
97.86	90.54
92.51	82.05
93.68	85.53
96.3	87.5
94.12	79.49
91.53	78.21
97.33	90.79
95.24	87.84
93.65	79.49
97.35	90.54
99.47	97.44
93.51	80.49
93.58	82.05
93.58	80.26
93.19	77.63
90.37	71.79
95.19	84.21
91.33	80.25
89.95	74.36
94.65	82.89
92.59	79.49
98.4	93.42
92.11	80.26
93.07	77.78
86.7	68.92
95.19	89.74
97.35	91.03
95.19	85.53
92.43	77.63
97.87	90.79
95.29	84.21
100.0	100.0
92.63	81.58
91.44	76.92
88.36	72.97
99.47	97.44
98.0	91.18
90.91	74.36
98.95	96.05
96.83	89.74
96.79	88.46
98.38	93.59
95.29	87.84
88.24	73.08
94.12	83.12
94.65	83.33
91.35	81.58
94.54	86.25
96.79	88.75
97.86	91.89
85.79	68.42
91.01	78.21
97.86	92.31
97.38	90.79
96.3	87.18
93.12	80.26
96.3	88.46
90.91	75.64
97.33	91.03
97.79	93.59
93.05	81.58
96.83	90.79
91.53	76.32
96.04	87.34
91.53	76.32
92.06	77.63
100.0	100.0
95.29	84.62
92.43	77.78
98.4	93.59
91.53	76.92
96.79	89.74
100.0	100.0
89.73	75.64
91.1	76.92
90.76	76.92
98.34	94.87
94.59	84.62
98.36	93.59
99.48	97.44
95.81	88.89
98.38	93.42
95.21	88.46
95.24	82.43
95.81	88.16
97.35	91.03
97.33	90.79
97.35	89.74
93.58	84.21
87.3	71.79
92.06	78.38
93.68	85.14
93.55	83.33
91.53	78.21
89.95	73.08
90.91	78.21
98.4	93.42
94.65	86.84
98.94	96.15
95.26	82.89
94.18	80.77
100.0	100.0
94.65	85.53
99.01	96.2
94.59	83.33
84.86	69.23
94.12	83.33
97.88	92.11
92.51	79.73
92.06	78.21
95.24	85.53
88.07	77.46
84.66	69.74
95.72	83.78
86.84	71.79
94.12	87.5
96.22	85.9
95.77	86.84
93.65	80.26
99.47	97.44
93.12	78.21
91.89	75.64
90.81	75.64
93.58	82.43
97.35	91.03
91.53	74.36
85.03	70.51
84.29	66.22
95.68	86.84
87.17	75.0
97.34	89.74
91.01	77.92
95.19	86.49
94.65	88.46
95.29	84.62
95.68	85.9
93.58	83.33
92.27	78.95
96.83	87.84
93.51	84.62
89.95	77.63
92.9	86.84
97.91	93.42
97.88	93.59
93.72	84.21
94.65	84.21
97.88	92.11
98.38	93.59
97.31	92.31
88.65	73.68
85.03	69.74
86.77	71.79
97.86	94.59
88.11	71.05
97.35	92.11
91.35	79.49
92.51	80.77
91.53	76.92
96.79	88.46
94.18	85.14
95.24	83.33
91.44	79.49
90.05	73.68
95.59	86.08
94.12	85.9
98.41	94.87
98.94	96.15
85.03	61.84
90.81	72.97
75.27	55.84
94.21	80.77
95.24	88.46
96.26	86.84
# wednesday
100.0	100.0
97.88	92.31
97.38	93.42
97.33	90.54
92.9	80.77
92.97	79.49
96.94	92.41
88.89	71.79
92.59	79.73
97.41	90.79
79.68	64.1
96.84	89.19
95.19	85.9
87.7	65.38
95.72	88.46
92.51	84.21
100.0	100.0
95.79	85.53
94.24	82.89
91.89	78.21
85.95	74.36
91.62	77.63
94.65	83.33
93.26	76.32
93.44	82.05
94.12	80.26
98.41	93.59
98.94	96.05
94.76	82.89
95.29	86.84
96.22	87.84
94.18	82.89
94.65	83.33
96.83	91.03
91.44	75.0
95.0	82.72
95.81	85.14
98.36	94.87
91.98	78.21
86.39	61.84
89.84	76.32
89.42	71.05
96.28	88.46
96.34	90.79
94.71	85.53
92.15	80.77
97.35	89.19
95.72	84.21
98.92	94.87
96.26	88.16
93.65	87.18
97.86	93.42
96.83	91.03
98.43	94.44
94.71	82.89
98.37	93.59
92.59	85.53
96.83	88.46
93.65	78.95
96.3	88.46
96.83	89.74
97.81	92.31
97.86	93.42
96.86	90.79
100.0	100.0
96.76	89.74
91.98	75.0
95.08	87.18
92.59	77.63
96.81	90.79
96.3	88.16
97.86	92.31
95.24	85.53
98.4	94.2
96.79	89.47
92.59	78.21
97.33	90.28
98.4	94.44
93.99	82.89
88.77	73.08
93.99	80.26
95.7	85.53
93.12	79.73
91.8	78.95
97.33	91.03
92.15	78.38
94.54	82.05
91.98	78.21
94.18	82.05
97.86	94.74
93.05	82.43
95.08	84.62
92.43	77.63
93.99	84.62
86.77	65.79
93.72	83.33
87.23	71.79
95.19	85.9
92.59	82.05
98.41	93.59
100.0	100.0
96.22	89.19
97.33	92.31
96.83	89.47
97.88	92.11
95.19	84.62
94.65	81.08
97.33	91.03
94.05	88.46
91.01	75.0
91.1	80.77
94.12	86.84
91.35	75.64
96.83	89.74
87.77	72.97
97.86	93.24
94.21	84.42
95.19	85.53
98.9	96.15
89.73	73.08
87.17	62.82
98.94	94.74
88.83	75.68
98.94	96.05
90.05	70.83
98.41	93.42
97.84	91.89
98.45	93.24
97.33	90.54
98.41	94.74
97.33	91.03
95.14	85.53
98.93	94.59
92.59	78.38
97.86	92.11
84.29	65.79
89.3	80.77
93.72	85.53
96.3	88.46
97.27	90.28
92.67	77.03
94.12	83.33
95.72	85.9
95.5	87.18
99.47	97.37
91.01	75.0
90.91	73.68
83.89	67.14
96.34	89.47
96.3	87.84
96.76	88.46
97.35	92.31
96.3	88.46
89.89	71.79
96.76	88.16
95.72	85.9
99.46	97.22
93.51	83.33
97.41	90.54
97.33	92.31
93.51	80.77
94.24	79.17
98.95	94.87
100.0	100.0
93.14	80.0
98.95	96.05
95.24	89.74
94.65	86.49
90.67	68.92
95.19	87.18
97.3	90.79
90.48	82.89
95.16	89.74
94.76	81.58
84.44	69.23
91.44	77.63
94.71	83.33
91.53	74.36
94.65	85.9
95.19	89.47
94.55	83.95
99.47	97.44
92.51	82.89
97.45	91.43
94.71	86.84
95.81	88.16
98.43	93.24
95.16	84.62
92.97	80.26
91.35	81.94
93.12	76.92
86.77	69.23
96.26	88.16
94.05	84.62
98.92	94.87
98.94	96.05
96.3	86.84
92.15	81.08
97.88	92.11
87.89	69.74
96.83	88.89
98.42	94.74
94.12	84.62
99.47	97.44
97.33	91.03
93.58	87.18
89.42	71.79
96.3	87.84
91.1	71.79
96.83	89.19
93.05	78.95
95.24	84.62
95.68	85.9
97.35	90.54
97.88	93.42
92.19	77.63
93.65	83.33
89.84	74.32
98.38	93.42
96.34	87.84
97.38	92.11
87.83	72.97
92.75	78.38
87.3	69.44
98.41	93.42
96.84	90.79
85.34	67.11
94.15	83.12
85.79	64.1
84.49	70.51
95.29	84.21
91.35	78.38
95.77	86.84
91.19	78.38
97.35	91.03
95.81	85.14
90.48	76.92
90.37	71.05
95.77	87.18
99.47	97.44
96.81	92.11
95.68	87.18
89.36	76.32
96.83	86.84
95.24	83.33
97.88	92.31
88.89	72.86
94.71	83.33
96.79	90.79
94.09	88.16
89.69	76.32
97.33	92.31
100.0	100.0
# thursday
100.0	100.0
97.86	91.89
100.0	100.0
91.3	77.91
92.63	80.0
97.87	93.24
92.51	81.94
93.68	82.05
93.55	80.56
92.0	81.82
95.81	83.78
96.13	83.78
93.58	83.75
96.41	85.71
90.05	78.38
92.67	79.49
96.86	87.84
78.92	52.86
95.77	86.49
84.86	76.39
97.88	91.67
95.68	89.47
95.81	85.14
95.68	84.62
95.85	89.47
100.0	100.0
92.89	77.78
96.76	90.0
88.48	72.37
92.67	79.49
93.41	85.14
96.74	90.41
99.48	97.22
95.59	89.16
100.0	100.0
84.29	67.11
93.12	82.05
93.58	86.25
94.71	85.9
94.0	84.0
93.75	84.72
92.43	82.43
99.46	97.14
97.83	93.42
86.7	71.79
91.98	80.0
94.12	82.89
80.95	57.69
100.0	100.0
93.56	79.75
97.86	93.42
97.37	90.28
97.38	90.54
96.79	93.59
95.77	85.14
96.79	89.19
93.26	82.35
81.28	58.11
89.95	76.32
80.33	62.82
95.24	84.29
98.95	94.59
94.54	82.43
94.35	86.25
93.85	83.78
86.77	65.38
91.67	76.92
97.09	89.61
94.05	81.58
94.24	83.33
93.33	76.47
92.02	78.21
96.3	86.11
91.53	78.38
97.85	91.89
98.94	96.05
95.24	89.19
89.84	73.08
83.42	62.16
94.09	80.77
97.33	88.89
95.19	84.62
92.47	80.56
92.49	78.21
94.82	82.86
100.0	100.0
91.44	77.78
94.74	84.21
88.3	69.23
94.05	84.21
88.24	73.08
95.36	85.54
94.65	81.08
94.71	85.53
91.8	77.63
76.47	53.33
97.31	90.28
91.01	75.0
95.14	86.49
97.84	91.89
96.37	91.67
88.89	70.27
96.83	89.47
98.45	94.44
90.91	76.32
93.51	84.85
87.85	71.79
95.63	87.5
98.93	95.83
96.84	89.47
97.91	90.79
91.85	70.97
84.66	61.84
96.76	87.5
84.29	65.79
95.79	85.14
92.63	78.21
93.3	81.08
96.17	87.18
95.83	86.49
90.53	77.63
94.65	81.43
92.97	80.95
90.96	81.25
93.5	81.48
87.43	77.63
99.48	97.44
85.25	65.79
100.0	100.0
90.05	72.22
86.1	68.06
88.17	78.21
86.7	72.22
98.95	95.95
87.7	74.32
98.4	94.44
94.71	87.18
89.53	74.36
96.72	89.47
84.32	62.82
98.07	91.67
95.72	85.53
93.12	82.05
88.48	75.64
91.75	74.68
96.3	87.5
97.35	90.54
90.67	71.05
92.15	80.77
83.42	64.86
90.48	77.63
92.43	84.72
99.47	97.37
97.33	88.89
90.05	77.78
92.15	75.71
91.35	76.32
97.86	91.67
95.51	81.16
86.17	66.22
90.91	78.75
96.86	87.84
91.8	81.25
90.91	74.32
95.26	87.14
95.77	86.49
86.01	67.14
92.43	81.58
82.98	65.0
97.5	91.14
100.0	100.0
95.67	85.71
95.77	86.84
95.63	86.49
95.77	86.11
94.18	81.08
89.95	76.92
89.47	75.68
92.43	78.95
98.4	93.24
87.3	73.08
94.65	87.84
89.73	80.0
97.91	91.03
88.89	76.32
88.52	70.51
93.51	86.84
89.42	71.79
90.91	72.37
82.35	68.29
97.88	91.67
94.18	85.14
89.95	73.08
83.24	59.76
91.8	79.73
87.17	65.38
91.28	79.17
97.3	89.74
93.01	80.77
96.3	89.19
95.77	87.18
88.65	69.23
96.3	89.47
91.4	78.21
100.0	100.0
95.88	86.42
95.19	85.14
91.58	77.78
94.23	89.61
91.44	76.39
92.15	74.32
98.36	94.44
93.01	81.58
97.33	90.54
95.72	89.74
94.18	83.33
89.3	71.25
97.88	93.42
82.16	64.1
91.89	81.25
87.17	73.68
81.15	64.71
94.5	81.82
84.13	64.1
100.0	100.0
96.76	93.24
93.65	78.38
84.04	64.86
87.05	66.67
87.7	69.44
94.05	82.35
91.01	76.32
96.22	88.16
86.63	68.42
94.18	91.03
96.26	89.74
82.51	56.25
95.81	85.9
97.85	92.31
93.52	77.5
89.64	75.0
93.68	83.78
90.45	70.24
88.89	72.37
97.91	93.42
96.95	88.89
89.3	73.08
93.5	80.25
94.18	82.43
89.06	77.78
94.12	81.08
93.05	78.95
91.58	75.68
94.12	83.33
86.46	65.28
87.62	68.83
98.37	94.59
93.68	78.38
# friday
91.89	80.26
96.43	89.71
99.48	96.97
98.43	93.94
95.29	88.57
97.04	87.1
95.96	87.14
96.79	88.89
93.91	85.71
95.0	83.33
96.89	88.24
84.77	75.71
98.47	94.29
85.05	67.14
89.9	70.83
97.47	88.57
97.38	91.43
86.15	65.71
98.99	95.83
97.92	93.06
98.48	94.29
98.98	95.83
95.43	89.39
98.45	94.44
87.77	71.43
100.0	100.0
90.63	72.86
93.62	78.57
89.9	72.86
92.82	76.39
97.0	90.91
100.0	100.0
100.0	100.0
98.48	94.29
99.45	96.55
98.96	95.16
92.97	80.26
98.95	95.83
100.0	100.0
94.92	90.0
94.95	89.06
92.46	82.86
95.88	88.89
99.49	97.06
96.69	85.0
88.66	75.76
89.06	72.22
98.48	94.44
97.5	88.57
98.96	95.31
84.92	64.29
97.41	91.67
98.43	94.44
93.78	80.56
95.94	87.14
100.0	100.0
93.05	76.19
99.48	97.06
97.98	92.86
91.46	75.71
95.5	82.35
93.13	82.58
98.96	95.45
100.0	100.0
94.87	86.11
96.83	89.47
91.88	80.56
87.96	70.97
91.8	80.26
95.9	83.82
92.67	82.86
93.33	80.56
97.38	91.67
96.34	88.57
96.41	87.14
91.88	80.0
95.92	88.89
92.23	79.69
92.15	79.41
95.45	82.86
96.91	87.14
96.95	93.06
98.99	95.45
97.0	88.24
88.08	74.29
100.0	100.0
96.98	88.57
98.96	95.16
93.43	81.94
94.3	85.29
92.67	80.3
98.06	91.55
80.83	60.94
93.05	81.82
100.0	100.0
97.45	91.67
100.0	100.0
96.35	87.14
92.31	81.94
92.19	80.56
87.24	78.57
98.96	95.71
96.86	89.06
97.88	93.42
97.94	93.06
83.6	65.15
91.71	77.14
97.0	87.88
94.5	81.82
88.32	77.14
97.95	92.19
92.82	77.78
100.0	100.0
98.47	94.29
95.38	82.86
90.27	75.68
97.46	90.28
94.42	80.0
97.06	87.88
94.82	84.72
98.47	94.44
91.62	78.79
89.34	73.61
92.59	78.79
90.96	74.65
95.45	83.33
97.97	90.91
94.92	81.43
100.0	100.0
92.51	85.29
96.0	86.36
97.46	89.71
100.0	100.0
97.96	91.43
97.0	89.39
87.43	67.65
96.45	87.14
91.85	77.94
95.41	84.29
93.37	79.41
100.0	100.0
95.41	87.5
98.54	93.75
100.0	100.0
94.33	83.33
95.43	87.14
97.85	91.43
93.19	77.78
100.0	100.0
94.3	86.76
92.89	74.24
98.99	95.71
92.31	82.86
100.0	100.0
98.97	95.31
92.71	78.79
92.46	78.57
96.91	90.91
97.44	91.43
99.49	97.14
89.8	77.14
87.96	71.43
92.57	80.43
99.49	97.14
98.47	93.06
93.88	89.06
92.93	82.86
94.95	84.29
95.96	90.28
89.64	76.56
92.15	78.79
92.82	77.78
100.0	100.0
98.49	93.55
86.54	66.67
91.76	80.43
93.78	84.29
94.2	87.1
95.29	87.14
94.39	81.43
94.92	84.29
96.95	91.43
97.06	89.39
95.45	86.76
95.92	88.24
91.28	80.88
91.88	80.56
93.26	80.0
94.23	80.6
91.37	72.86
89.8	68.57
94.92	86.11
93.78	81.94
94.44	80.88
94.74	85.29
93.63	84.93
98.97	95.83
96.35	86.36
100.0	100.0
96.0	87.32
96.34	91.18
89.95	72.06
93.72	78.79
100.0	100.0
91.41	74.24
97.91	90.32
80.1	61.11
96.34	87.5
100.0	100.0
99.47	97.06
94.0	85.29
98.96	95.59
98.47	94.12
93.81	80.0
89.74	72.22
92.0	83.82
78.46	70.0
95.94	89.39
88.48	77.27
95.98	88.57
87.63	70.83
95.24	91.18
95.41	83.33
98.93	95.45
92.46	79.41
97.47	90.28
100.0	100.0
94.74	80.88
95.41	84.72
97.95	89.71
95.41	88.24
91.5	81.69
95.34	84.29
99.49	96.97
94.24	82.89
92.59	79.17
92.75	80.56
96.89	89.47
100.0	100.0
97.45	90.28
94.97	81.82
89.95	73.68
99.47	96.55
93.65	80.65
99.49	97.22
73.53	59.15
92.82	83.33
95.36	81.94
94.3	84.29
98.97	95.16
97.97	92.42
93.4	83.33
92.93	76.39
91.88	76.56
98.97	95.71
93.65	85.0
94.95	81.94
97.38	90.91
96.88	92.65
88.54	66.18
93.88	79.41
96.45	91.43
99.49	96.97
100.0	100.0
100.0	100.0
97.49	92.86
88.72	75.76
92.31	84.72
98.98	95.71
91.75	80.88
97.88	91.43
98.49	94.29
86.0	73.53
96.32	86.76
91.71	75.71
91.05	80.65
100.0	100.0
88.83	69.44
96.98	88.57
95.81	88.71
# saturday
90.86	82.35
96.46	87.14
90.4	75.0
95.98	87.14
96.37	86.36
100.0	100.0
95.43	83.33
95.38	84.72
97.12	87.32
100.0	100.0
98.97	95.83
93.0	85.29
97.0	88.24
98.44	92.65
100.0	100.0
98.97	94.44
98.49	93.94
90.36	74.29
87.7	70.83
100.0	100.0
95.0	84.29
96.92	91.43
98.01	92.86
90.36	75.0
94.97	84.29
96.95	88.57
97.95	91.67
97.45	90.0
98.48	94.29
98.98	95.59
92.71	81.94
95.5	83.33
91.28	80.56
98.43	93.59
97.41	91.43
100.0	100.0
97.91	91.43
87.24	70.83
92.35	79.17
99.49	97.14
90.91	77.14
93.4	86.11
92.71	82.86
94.21	84.72
99.49	97.22
92.86	79.17
98.47	94.29
98.97	95.83
95.67	91.55
87.56	75.0
95.92	85.71
100.0	100.0
94.39	78.79
97.8	92.86
97.87	93.75
85.03	67.57
100.0	100.0
80.63	59.72
100.0	100.0
100.0	100.0
94.47	84.85
94.17	78.87
91.1	81.43
91.8	78.99
94.76	86.11
94.42	82.35
94.68	85.0
85.57	66.67
97.41	90.91
98.31	92.59
97.44	91.43
78.53	59.72
96.92	92.86
93.85	80.0
91.35	80.0
95.94	83.33
96.97	93.06
86.34	68.33
96.48	87.14
95.96	85.71
94.3	87.14
94.5	78.79
100.0	100.0
83.94	65.71
96.41	85.71
100.0	100.0
91.01	80.0
86.73	77.14
99.49	96.97
94.5	84.29
92.35	79.03
97.97	92.65
86.01	74.29
97.42	91.67
91.75	77.78
99.51	97.18
93.91	87.5
95.92	85.71
98.47	93.75
94.36	82.86
95.45	85.29
87.05	67.19
98.98	95.83
94.04	83.82
95.43	85.48
97.12	93.15
100.0	100.0
91.19	75.0
93.85	81.25
99.45	97.44
88.21	80.3
94.95	85.71
95.41	89.06
95.48	82.86
94.87	82.86
98.97	95.71
97.97	92.86
87.05	69.44
91.53	87.5
87.5	70.83
95.41	85.71
92.46	75.76
96.94	88.89
96.39	87.5
100.0	100.0
94.95	83.33
84.54	62.5
98.48	94.44
89.01	70.59
94.85	81.43
100.0	100.0
86.01	74.24
95.5	83.82
100.0	100.0
98.48	94.29
85.79	67.65
93.47	79.69
97.87	92.31
90.91	80.88
94.42	80.56
96.46	91.43
85.71	78.57
90.91	74.29
97.44	91.67
100.0	100.0
96.34	87.5
97.97	93.06
98.45	94.12
95.41	86.36
97.46	90.0
100.0	100.0
95.36	88.89
98.0	92.42
95.9	86.11
98.0	92.65
95.48	85.29
97.97	92.86
90.77	73.61
84.34	65.28
94.21	82.35
97.34	89.29
97.47	90.0
94.3	83.33
95.98	84.29
95.19	85.53
93.94	79.17
90.36	76.47
90.26	80.0
90.67	77.78
95.45	86.11
89.9	76.47
95.38	84.29
94.92	86.76
92.42	77.78
100.0	100.0
100.0	100.0
90.21	77.78
99.49	97.22
98.96	95.59
96.94	88.57
98.97	95.45
98.45	94.12
92.42	76.47
93.37	80.0
92.62	84.78
91.67	80.0
96.83	92.42
95.29	84.72
98.47	94.44
97.98	91.67
97.41	91.67
99.5	96.97
89.39	75.51
99.49	97.22
97.96	92.65
93.94	86.11
98.99	95.83
94.33	88.89
95.48	85.29
90.67	78.57
98.0	92.42
95.92	83.82
96.39	91.67
100.0	100.0
89.8	77.78
100.0	100.0
95.88	86.11
94.44	86.11
95.34	85.29
92.82	77.78
94.82	87.1
99.49	97.06
95.45	87.5
77.49	60.29
95.38	87.14
100.0	100.0
100.0	100.0
100.0	100.0
93.63	80.0
97.44	88.89
96.94	93.06
95.9	86.11
88.89	71.43
93.81	82.86
96.97	88.57
95.34	87.14
100.0	100.0
97.91	91.67
87.82	75.0
100.0	100.0
100.0	100.0
100.0	100.0
90.36	79.17
86.22	68.57
98.99	95.71
97.44	88.57
93.97	83.82
93.85	80.88
94.95	86.11
91.28	76.39
94.42	80.88
97.92	92.86
93.12	80.26
98.98	95.83
90.26	74.29
92.67	82.86
93.78	75.86
89.12	77.78
98.47	94.44
97.0	85.94
100.0	100.0
94.58	84.38
97.44	90.0
# sunday
96.14	88.73
90.53	79.29
91.33	77.86
97.53	92.14
92.7	79.41
94.31	82.61
90.88	77.21
96.15	92.75
89.59	76.43
94.75	83.57
92.58	80.9
96.71	89.86
97.0	90.14
90.63	80.0
94.31	85.71
96.51	87.14
91.94	80.71
90.3	75.35
93.46	77.86
93.83	83.33
95.69	86.43
98.65	95.71
91.74	77.14
95.08	85.07
94.01	82.64
90.74	78.57
91.85	82.14
94.44	83.45
93.42	80.0
99.45	97.86
91.96	82.14
98.9	95.0
96.23	89.86
90.51	76.81
94.12	82.89
97.3	90.0
94.07	84.29
92.35	79.71
87.63	70.83
96.15	87.14
97.47	93.06
96.96	89.71
96.16	88.24
100.0	100.0
90.03	75.74
98.35	94.59
91.26	72.14
96.23	88.57
95.38	87.67
93.19	82.89
93.7	84.29
96.16	86.43
97.51	92.86
93.5	80.71
90.79	77.14
90.37	75.0
92.27	79.71
93.04	82.14
95.37	85.0
91.97	81.18
96.78	87.86
92.29	79.29
95.88	87.86
89.53	73.89
88.95	74.64
91.69	75.0
91.07	77.54
94.65	85.71
96.53	91.43
92.74	80.71
88.92	75.35
92.95	83.1
98.44	93.53
93.73	85.31
94.49	85.0
88.95	75.71
93.92	84.06
83.29	65.67
89.65	76.43
89.89	76.09
98.4	93.57
94.07	83.82
93.8	80.71
95.57	85.71
90.43	77.54
89.39	78.17
92.14	77.54
90.33	75.0
95.37	85.71
93.87	87.86
92.91	76.25
93.57	82.86
89.32	74.29
94.04	82.14
97.3	91.43
94.85	89.29
90.03	73.19
84.55	72.14
96.3	88.16
94.02	82.61
97.0	88.57
93.37	82.61
92.63	82.35
95.1	85.07
94.03	81.76
95.46	87.06
93.62	83.09
95.16	85.71
97.8	92.86
90.79	77.14
89.79	72.94
93.12	80.77
96.14	87.86
98.09	92.86
93.75	85.21
94.55	81.43
94.55	84.06
91.83	78.17
92.68	82.14
96.77	89.86
88.08	73.57
93.83	79.29
95.1	90.63
93.3	82.31
92.18	77.14
94.24	85.43
95.69	85.0
98.64	94.29
95.59	87.86
93.26	83.57
91.11	74.29
96.31	88.32
95.37	85.0
94.77	84.29
93.53	84.29
93.66	80.56
97.05	90.71
93.19	82.14
98.91	95.77
97.8	92.14
93.11	81.43
94.88	83.57
98.06	93.57
94.16	79.29
88.86	79.17
94.41	80.71
96.44	88.57
91.69	79.29
92.7	79.29
97.26	90.71
94.52	84.29
97.32	92.25
94.3	81.56
95.13	86.57
95.19	85.9
84.1	66.18
96.29	87.5
92.37	77.86
94.78	84.29
97.04	89.29
94.91	85.51
91.46	74.29
96.69	87.86
94.92	83.54
94.79	88.57
95.23	86.43
95.7	90.0
94.07	81.16
97.56	91.43
94.75	87.14
92.95	80.71
91.67	77.14
92.8	77.78
91.73	80.0
91.42	79.29
87.53	67.86
95.59	86.43
97.04	89.29
94.31	85.0
97.33	92.03
92.51	84.51
98.7	95.24
94.2	84.29
87.96	71.53
92.2	77.61
91.11	77.14
89.59	75.0
92.1	79.29
84.49	68.75
95.69	86.43
96.71	89.29
86.41	74.48
96.46	90.58
93.5	80.43
94.31	83.82
97.81	92.96
95.19	89.74
93.04	81.98
96.76	91.43
94.88	83.57
92.43	82.14
95.24	85.9
97.87	93.57
94.95	85.71
90.46	76.43
92.0	83.57
94.96	82.61
97.79	93.57
89.5	74.63
95.89	87.14
92.56	78.57
97.26	94.29
93.33	83.57
91.87	75.0
93.0	79.85
93.46	80.71
95.57	87.14
97.81	92.86
92.64	81.43
95.11	82.14
93.75	84.29
94.5	88.3
93.83	83.57
89.84	75.0
92.74	78.99
86.99	70.14
91.87	81.62
91.76	77.94
92.29	82.14
94.54	85.0
94.61	84.29
88.77	70.71
96.29	88.64
100.0	100.0
96.2	91.1
95.37	85.0
93.77	83.33
97.02	91.76
89.92	80.43
89.97	76.09
93.77	81.88
90.58	75.0
92.62	78.87
94.64	85.21
88.74	78.57
94.2	81.94
88.77	73.08
91.87	79.71
93.82	82.35
95.19	88.03
94.66	85.71
95.39	85.71
94.85	85.0
92.55	79.29
93.22	83.33
96.25	89.29
91.64	79.29
91.51	78.17
94.91	86.43
95.33	84.78
93.66	81.62
93.53	81.88
92.14	79.71
96.73	88.57
96.78	89.71
97.61	91.91
94.52	85.71
